*,Cow,Sheep,Worm,Rat,Frog,Pig
Cow,0,0.02858844550327576,0.5729600952948184,0.16855270994639668,0.3412745681953544,0.08874329958308518
Sheep,0.02858844550327576,0,0.5723645026801668,0.17212626563430614,0.34484812388326386,0.09291244788564622
Worm,0.5729600952948184,0.5723645026801668,0,0.5693865396069089,0.5646217986896962,0.5753424657534246
Rat,0.16855270994639668,0.17212626563430614,0.5693865396069089,0,0.35556879094699223,0.1679571173317451
Frog,0.3412745681953544,0.34484812388326386,0.5646217986896962,0.35556879094699223,0,0.34187016081000593
Pig,0.08874329958308518,0.09291244788564622,0.5753424657534246,0.1679571173317451,0.34187016081000593,0
